,6A+,6B,6B+,6C,6C+,7A,7A+,7B,7B+,7C,7C+,8A,8A+,8B,8B+
0,0,1.47,0.69,1.17,1.25,1.38,1.26,1.24,1.22,1.1199999999999999,0.91,0.8,1.09,1.2,0.84
1,0,0.0,0.0,0.0,0.0,0.0,0.0,0.0,0.0,0.0,0.0,0.0,0.0,0.0,0.0
2,0,0.0,0.29,0.36,0.44999999999999996,0.52,0.53,0.59,0.52,0.41000000000000003,0.26,0.31,0.54,0.24,0.21
3,0,0.0,0.06,0.08,0.1,0.13999999999999999,0.25,0.27,0.36,0.41000000000000003,0.43,0.45999999999999996,0.41000000000000003,0.24,0.0
4,0,0.0,0.03,0.03,0.05,0.06999999999999999,0.12,0.16999999999999998,0.13999999999999999,0.31,0.37,0.5700000000000001,0.6799999999999999,0.24,0.0
5,0,0.0,0.05,0.1,0.13999999999999999,0.18,0.3,0.22999999999999998,0.29,0.31,0.48,0.42,0.54,0.72,0.21
6,0,0.0,0.05,0.09,0.13,0.22999999999999998,0.27999999999999997,0.33999999999999997,0.29,0.41000000000000003,0.31,0.38,0.8200000000000001,0.0,0.0
7,0,0.0,0.35000000000000003,0.53,0.48,0.47000000000000003,0.4,0.51,0.45999999999999996,0.37,0.48,0.11,0.0,0.24,0.0
8,0,0.0,0.02,0.03,0.04,0.05,0.06999999999999999,0.12,0.04,0.12,0.25,0.22999999999999998,1.22,0.48,0.0
9,0,0.0,0.04,0.08,0.12,0.18,0.25,0.27,0.21,0.33999999999999997,0.35000000000000003,0.72,0.54,0.0,0.0
10,0,0.0,0.5,0.76,0.9400000000000001,1.16,1.31,1.5,1.7000000000000002,1.7000000000000002,2.1999999999999997,2.33,2.7199999999999998,2.4,2.73
11,0,0.0,0.64,1.05,1.04,1.1199999999999999,1.26,1.2,1.35,1.32,1.28,1.3,0.95,0.48,1.47
12,0,0.0,0.21,0.45999999999999996,0.59,0.9900000000000001,1.22,1.48,1.53,1.94,2.19,2.82,2.31,2.4,0.63
13,0,0.0,0.13,0.18,0.22,0.29,0.33999999999999997,0.4,0.48,0.36,0.5700000000000001,0.69,0.54,0.72,0.21
14,0,0.0,0.42,0.72,0.7000000000000001,0.67,0.5499999999999999,0.44999999999999996,0.33,0.29,0.48,0.15,0.0,0.0,0.21
15,0,0.0,0.22999999999999998,0.31,0.4,0.42,0.54,0.61,0.44999999999999996,0.54,0.37,0.5,0.27,0.24,0.21
16,0,0.0,0.62,0.72,0.64,0.5700000000000001,0.53,0.38,0.41000000000000003,0.35000000000000003,0.33999999999999997,0.33999999999999997,1.09,1.2,0.42
17,0,0.0,0.62,0.74,0.69,0.5599999999999999,0.43,0.43,0.35000000000000003,0.33,0.13999999999999999,0.15,0.13999999999999999,0.0,0.63
18,0,0.0,0.05,0.13,0.13999999999999999,0.22999999999999998,0.27999999999999997,0.21,0.27,0.33999999999999997,0.26,0.38,0.54,0.48,0.21
19,0,0.0,0.35000000000000003,0.37,0.41000000000000003,0.36,0.27,0.29,0.25,0.22999999999999998,0.25,0.04,0.13999999999999999,0.0,0.0
20,0,1.47,0.25,0.44999999999999996,0.44999999999999996,0.4,0.37,0.42,0.47000000000000003,0.42,0.49,0.45999999999999996,0.6799999999999999,0.72,0.0
21,0,1.47,0.91,0.88,0.73,0.58,0.44999999999999996,0.49,0.41000000000000003,0.31,0.27999999999999997,0.19,0.13999999999999999,0.48,0.42
22,0,0.0,0.63,0.84,0.8500000000000001,0.77,0.7100000000000001,0.75,0.69,0.7799999999999999,0.74,0.76,0.95,1.92,1.47
23,0,1.47,0.62,0.8999999999999999,0.9299999999999999,1.04,1.13,1.16,1.15,1.06,0.9400000000000001,0.9900000000000001,1.09,0.48,0.63
24,0,0.0,0.06999999999999999,0.1,0.15,0.16,0.22999999999999998,0.16,0.22999999999999998,0.27,0.12,0.22999999999999998,0.41000000000000003,1.2,1.05
25,0,0.0,0.7100000000000001,0.95,1.0,1.06,0.97,0.8699999999999999,0.76,0.47000000000000003,0.32,0.33999999999999997,0.13999999999999999,0.72,0.0
26,0,0.0,0.33999999999999997,0.37,0.44,0.54,0.65,0.6,0.61,0.63,0.48,0.45999999999999996,0.0,0.48,0.21
27,0,0.0,0.2,0.18,0.32,0.44,0.63,0.7000000000000001,0.6799999999999999,0.88,0.97,1.18,0.95,0.96,0.0
28,0,0.0,0.8500000000000001,0.9400000000000001,0.8099999999999999,0.69,0.65,0.7000000000000001,0.5599999999999999,0.5599999999999999,0.42,0.42,0.41000000000000003,0.48,1.05
29,0,1.47,0.11,0.13,0.2,0.24,0.27999999999999997,0.33,0.33,0.38999999999999996,0.31,0.27,0.54,0.72,0.21
30,0,0.0,0.19,0.35000000000000003,0.48,0.67,0.7799999999999999,0.69,0.73,0.74,0.63,0.69,0.27,0.0,0.63
31,0,1.47,1.82,1.72,1.66,1.24,1.02,0.76,0.63,0.62,0.49,0.38,0.0,0.24,1.05
32,0,0.0,0.21,0.36,0.43,0.51,0.6,0.5700000000000001,0.61,0.7100000000000001,0.86,1.03,0.8200000000000001,1.68,0.21
33,0,0.0,0.38,0.5599999999999999,0.63,0.72,0.76,0.8099999999999999,0.9199999999999999,0.8200000000000001,0.86,1.3299999999999998,1.22,0.72,0.21
34,0,0.0,0.11,0.09,0.13,0.15,0.19,0.19,0.13999999999999999,0.25,0.4,0.45999999999999996,0.54,0.72,0.63
35,0,0.0,0.31,0.62,0.86,1.21,1.39,1.79,1.6500000000000001,2.09,2.71,2.78,2.45,1.92,1.05
36,0,1.47,0.5700000000000001,0.77,1.03,1.3599999999999999,1.66,1.9900000000000002,2.08,2.0,2.64,3.05,3.81,2.4,1.26
37,0,0.0,0.31,0.44999999999999996,0.62,0.62,0.79,0.7000000000000001,0.73,1.0,0.83,0.76,0.95,1.92,1.47
38,0,1.47,0.2,0.36,0.47000000000000003,0.7100000000000001,0.89,1.01,1.01,1.1199999999999999,1.13,1.41,0.54,0.48,0.42
39,0,0.0,0.13999999999999999,0.12,0.19,0.3,0.3,0.36,0.38999999999999996,0.38999999999999996,0.31,0.33999999999999997,0.27,0.96,0.63
40,0,0.0,0.13999999999999999,0.16,0.27,0.42,0.5700000000000001,0.75,0.8,0.96,0.9900000000000001,0.9199999999999999,0.54,0.24,0.84
41,0,1.47,0.5499999999999999,0.5599999999999999,0.5599999999999999,0.48,0.4,0.38,0.32,0.26,0.25,0.15,0.54,0.0,0.21
42,0,0.0,0.62,1.01,1.0699999999999998,1.21,1.39,1.35,1.29,1.21,1.05,1.11,1.3599999999999999,0.96,0.84
43,0,0.0,0.27999999999999997,0.35000000000000003,0.5,0.61,0.75,0.67,0.66,0.5700000000000001,0.62,0.72,0.27,0.72,0.0
44,0,0.0,0.7799999999999999,0.77,0.64,0.53,0.36,0.36,0.22999999999999998,0.16999999999999998,0.11,0.11,0.0,0.24,0.21
45,0,1.47,0.16999999999999998,0.37,0.44999999999999996,0.73,0.8500000000000001,0.8999999999999999,0.79,0.8500000000000001,0.86,1.0699999999999998,1.09,1.92,0.42
46,0,0.0,0.16999999999999998,0.2,0.26,0.38,0.43,0.52,0.49,0.47000000000000003,0.26,0.19,0.54,1.44,0.63
47,0,1.47,1.05,1.17,1.1400000000000001,1.02,0.9299999999999999,0.7000000000000001,0.73,0.61,0.7100000000000001,0.65,0.41000000000000003,0.0,0.84
48,0,0.0,0.15,0.31,0.42,0.64,0.86,0.97,0.9199999999999999,0.98,1.1900000000000002,1.03,0.6799999999999999,0.24,0.84
49,0,1.47,0.5700000000000001,0.6,0.5700000000000001,0.49,0.44999999999999996,0.48,0.35000000000000003,0.31,0.4,0.33999999999999997,0.54,0.0,0.84
50,0,2.94,2.26,2.54,2.65,2.5,2.42,2.3,2.36,2.12,1.67,1.37,1.77,0.72,1.47
51,0,2.94,0.86,1.21,1.17,1.15,1.13,0.9299999999999999,0.8500000000000001,0.6799999999999999,0.33999999999999997,0.72,0.27,0.72,0.21
52,0,0.0,0.38999999999999996,0.49,0.5499999999999999,0.67,0.59,0.69,0.48,0.44999999999999996,0.54,0.72,0.54,0.72,0.42
53,0,0.0,2.9000000000000004,2.31,1.7000000000000002,1.26,0.86,0.52,0.52,0.38999999999999996,0.31,0.19,0.0,0.48,1.47
54,0,0.0,0.19,0.26,0.44,0.63,0.72,0.86,0.96,1.0699999999999998,1.22,0.9900000000000001,1.77,0.48,0.42
55,0,4.41,2.6100000000000003,1.5,1.39,1.0,0.73,0.74,0.5599999999999999,0.48,0.42,0.27,0.13999999999999999,0.48,0.63
56,0,0.0,0.8200000000000001,0.7000000000000001,0.76,0.64,0.48,0.42,0.37,0.33999999999999997,0.33999999999999997,0.19,0.0,0.24,0.84
57,0,1.47,1.15,1.3299999999999998,1.41,1.29,1.09,1.09,0.9199999999999999,0.7799999999999999,0.51,0.5,0.13999999999999999,0.0,0.21
58,0,0.0,2.16,1.82,1.3599999999999999,0.8699999999999999,0.62,0.59,0.44999999999999996,0.38,0.32,0.27,0.0,0.72,0.63
59,0,1.47,0.35000000000000003,0.63,0.8099999999999999,0.96,0.98,1.06,1.0999999999999999,0.9400000000000001,0.9299999999999999,1.18,0.6799999999999999,0.72,0.21
60,0,1.47,3.85,2.32,1.6199999999999999,1.03,0.7100000000000001,0.48,0.42,0.33,0.22,0.08,0.13999999999999999,0.72,1.47
61,0,0.0,1.29,1.7000000000000002,1.35,1.0699999999999998,0.9199999999999999,0.77,0.74,0.62,0.44999999999999996,0.42,0.6799999999999999,0.48,0.63
62,0,1.47,3.42,2.9000000000000004,2.5,2.19,1.73,1.48,1.5,1.17,0.9400000000000001,0.65,0.95,0.96,2.31
63,0,1.47,6.8500000000000005,4.64,3.8,2.7199999999999998,1.9300000000000002,1.6500000000000001,1.38,1.0699999999999998,0.91,0.65,0.6799999999999999,0.72,3.36
64,0,0.0,0.16,0.26,0.33999999999999997,0.47000000000000003,0.64,0.8,0.95,1.04,1.3299999999999998,1.4500000000000002,1.22,0.96,1.05
65,0,2.94,0.43,0.62,0.69,0.64,0.73,0.6799999999999999,0.65,0.47000000000000003,0.45999999999999996,0.53,0.13999999999999999,0.48,0.42
66,0,0.0,0.16999999999999998,0.2,0.27,0.42,0.5,0.59,0.61,0.76,1.03,1.18,1.22,0.96,0.63
67,0,1.47,0.33999999999999997,0.51,0.6,0.7000000000000001,0.83,0.8200000000000001,0.8200000000000001,0.67,0.8,0.5,0.0,0.48,0.42
68,0,0.0,0.54,0.95,1.1400000000000001,1.26,1.3,1.28,1.3599999999999999,1.25,1.2,1.1400000000000001,1.3599999999999999,0.24,0.21
69,0,0.0,0.89,1.08,1.13,1.06,1.01,0.79,0.8500000000000001,0.64,0.54,0.45999999999999996,0.0,0.24,0.63
70,0,2.94,0.25,0.38999999999999996,0.41000000000000003,0.5599999999999999,0.73,0.8099999999999999,1.01,1.02,1.13,1.26,0.95,0.96,0.42
71,0,0.0,0.31,0.49,0.69,0.9299999999999999,0.98,1.1199999999999999,1.06,1.18,1.02,0.9199999999999999,1.09,0.0,0.63
72,0,2.94,1.52,1.59,1.3,0.98,0.74,0.5599999999999999,0.36,0.26,0.2,0.08,0.13999999999999999,0.0,0.63
73,0,0.0,0.44999999999999996,0.84,1.02,1.37,1.48,1.48,1.59,1.38,1.63,1.7500000000000002,1.63,0.72,0.42
74,0,0.0,0.24,0.16999999999999998,0.26,0.27,0.32,0.36,0.33999999999999997,0.52,0.65,0.84,0.8200000000000001,1.44,0.63
75,0,0.0,2.44,1.78,1.8499999999999999,1.6199999999999999,1.92,1.69,1.79,1.76,2.17,1.91,2.04,1.2,2.73
76,0,1.47,1.6,1.6500000000000001,1.53,1.4500000000000002,1.29,1.15,1.11,0.8099999999999999,0.72,0.9199999999999999,0.54,0.96,3.36
77,0,0.0,0.42,0.53,0.65,0.63,0.69,0.76,0.8999999999999999,0.74,1.02,0.84,1.5,0.96,0.63
78,0,0.0,0.1,0.13,0.2,0.4,0.62,0.73,0.83,0.98,1.2,1.49,2.45,0.96,0.84
79,0,1.47,1.95,1.22,0.97,0.77,0.75,0.72,0.53,0.53,0.44999999999999996,0.5,0.54,0.72,2.1
80,0,2.94,1.7000000000000002,1.5,1.47,1.0999999999999999,0.8,0.58,0.67,0.43,0.31,0.22999999999999998,0.41000000000000003,0.0,0.84
81,0,0.0,0.22,0.31,0.41000000000000003,0.48,0.49,0.52,0.41000000000000003,0.59,0.54,0.45999999999999996,0.54,0.96,1.26
82,0,0.0,0.16999999999999998,0.29,0.43,0.7000000000000001,0.8500000000000001,0.86,1.06,1.17,1.03,1.0699999999999998,0.54,0.48,0.63
83,0,0.0,0.36,0.29,0.38,0.38999999999999996,0.38,0.26,0.25,0.16999999999999998,0.22999999999999998,0.04,0.13999999999999999,0.0,0.84
84,0,2.94,3.71,1.46,1.13,0.7000000000000001,0.47000000000000003,0.44,0.36,0.2,0.22,0.11,0.27,0.48,1.47
85,0,1.47,0.7100000000000001,0.8,0.83,0.88,0.89,0.7799999999999999,0.84,0.8500000000000001,0.5700000000000001,0.38,0.41000000000000003,0.72,1.47
86,0,4.41,0.65,0.8500000000000001,0.8999999999999999,0.83,0.77,0.65,0.67,0.52,0.44999999999999996,0.5,0.27,0.0,0.21
87,0,0.0,0.08,0.11,0.2,0.3,0.4,0.4,0.7100000000000001,1.09,1.13,1.6,0.95,1.44,1.68
88,0,0.0,1.23,0.83,0.77,0.73,0.75,0.89,0.66,0.74,0.79,0.65,0.41000000000000003,0.72,0.63
89,0,5.88,3.38,2.6100000000000003,2.36,2.08,1.83,1.81,1.6500000000000001,1.31,1.11,0.95,0.6799999999999999,0.48,2.73
90,0,2.94,0.75,1.18,1.29,1.51,1.3299999999999998,1.32,1.26,1.25,1.09,0.53,0.6799999999999999,0.48,0.63
91,0,0.0,0.09,0.08,0.15,0.19,0.26,0.29,0.45999999999999996,0.6,0.5700000000000001,0.65,1.09,0.72,0.63
92,0,2.94,1.01,0.8,0.8999999999999999,0.89,0.8099999999999999,0.8,0.76,0.75,0.65,0.38,0.54,0.0,1.05
93,0,0.0,0.43,0.8200000000000001,0.86,1.04,0.97,0.9400000000000001,0.83,0.7100000000000001,0.5599999999999999,0.31,0.41000000000000003,0.72,0.21
94,0,1.47,3.84,2.2399999999999998,1.6400000000000001,1.01,0.72,0.51,0.5,0.3,0.35000000000000003,0.15,0.0,0.96,0.42
95,0,1.47,1.39,1.28,1.02,0.8500000000000001,0.7000000000000001,0.66,0.61,0.63,0.54,0.5700000000000001,0.27,0.48,1.26
96,0,1.47,0.27999999999999997,0.51,0.65,0.7799999999999999,0.89,1.0699999999999998,1.08,1.1400000000000001,1.26,0.95,0.41000000000000003,0.24,0.63
97,0,0.0,0.29,0.32,0.38999999999999996,0.41000000000000003,0.4,0.33999999999999997,0.41000000000000003,0.47000000000000003,0.6,0.53,1.3599999999999999,1.44,1.47
98,0,0.0,0.37,0.7100000000000001,0.8099999999999999,1.03,1.1400000000000001,1.38,1.13,1.09,1.25,0.72,0.8200000000000001,2.4,0.21
99,0,0.0,0.03,0.04,0.09,0.21,0.3,0.48,0.64,0.89,1.0,1.3299999999999998,1.09,1.44,0.21
100,0,1.47,0.8200000000000001,1.01,0.9199999999999999,0.89,0.8699999999999999,0.83,0.77,0.5599999999999999,0.62,0.5,0.41000000000000003,0.24,0.63
101,0,0.0,0.26,0.6,0.74,1.0699999999999998,1.41,1.69,1.71,2.4,2.6100000000000003,3.39,3.54,3.61,1.26
102,0,0.0,0.8099999999999999,0.8099999999999999,0.98,0.95,1.06,0.96,0.96,1.06,0.88,1.0699999999999998,0.41000000000000003,0.96,2.73
103,0,0.0,0.8999999999999999,1.01,1.02,1.1199999999999999,1.06,1.0,0.9900000000000001,0.8999999999999999,0.72,0.72,0.27,0.48,0.63
104,0,1.47,0.27,0.36,0.47000000000000003,0.53,0.5599999999999999,0.58,0.65,0.8999999999999999,0.86,1.0699999999999998,0.6799999999999999,0.0,0.63
105,0,0.0,0.16999999999999998,0.13999999999999999,0.21,0.18,0.19,0.21,0.21,0.25,0.26,0.04,0.0,0.0,0.21
106,0,0.0,0.06999999999999999,0.06999999999999999,0.12,0.21,0.33999999999999997,0.33,0.58,0.7000000000000001,0.86,1.3,1.63,1.68,0.21
107,0,0.0,0.08,0.13,0.2,0.38,0.49,0.54,0.58,0.69,0.72,0.5700000000000001,0.6799999999999999,1.44,0.0
108,0,0.0,0.86,0.89,0.79,0.77,0.6,0.48,0.37,0.26,0.15,0.15,0.13999999999999999,0.0,1.68
109,0,0.0,0.5700000000000001,0.51,0.44999999999999996,0.35000000000000003,0.33999999999999997,0.3,0.29,0.22999999999999998,0.16999999999999998,0.08,0.13999999999999999,0.24,0.21
110,0,0.0,0.47000000000000003,0.79,0.79,0.8,0.83,0.8699999999999999,0.8500000000000001,0.7100000000000001,0.5599999999999999,0.33999999999999997,0.8200000000000001,0.72,0.63
111,0,0.0,0.22,0.33,0.4,0.42,0.43,0.52,0.52,0.5499999999999999,0.31,0.22999999999999998,0.13999999999999999,0.0,0.42
112,0,0.0,1.91,1.6,1.37,1.0999999999999999,0.8699999999999999,0.7000000000000001,0.6,0.48,0.29,0.31,0.27,0.48,0.63
113,0,0.0,0.16999999999999998,0.27999999999999997,0.31,0.38999999999999996,0.53,0.64,0.69,0.73,0.8500000000000001,0.84,0.6799999999999999,0.72,0.63
114,0,1.47,1.23,0.86,0.69,0.54,0.43,0.42,0.38,0.32,0.31,0.33999999999999997,0.0,0.24,0.63
115,0,1.47,1.47,1.73,1.67,1.58,1.53,1.55,1.54,1.49,1.34,1.37,1.77,2.16,1.8900000000000001
116,0,0.0,0.43,0.49,0.64,0.6799999999999999,0.8699999999999999,0.9299999999999999,1.2,1.29,1.26,1.49,1.9,1.2,1.8900000000000001
117,0,1.47,0.88,1.11,1.22,1.29,1.23,1.27,1.25,1.25,1.28,0.9900000000000001,1.3599999999999999,1.68,0.63
118,0,0.0,0.05,0.05,0.06999999999999999,0.1,0.13,0.16,0.2,0.27999999999999997,0.49,0.53,0.95,0.48,0.21
119,0,1.47,0.47000000000000003,0.49,0.42,0.38999999999999996,0.29,0.22999999999999998,0.21,0.27999999999999997,0.16999999999999998,0.19,0.13999999999999999,0.0,0.21
120,0,1.47,2.02,1.69,1.29,0.8200000000000001,0.54,0.33999999999999997,0.27999999999999997,0.25,0.22,0.08,0.13999999999999999,0.0,0.42
121,0,0.0,0.13999999999999999,0.24,0.3,0.32,0.35000000000000003,0.42,0.36,0.33999999999999997,0.31,0.33999999999999997,0.0,0.24,0.42
122,0,0.0,0.12,0.22,0.3,0.42,0.5599999999999999,0.75,0.76,0.76,0.79,0.42,0.54,0.48,0.42
123,0,0.0,0.06,0.08,0.12,0.13999999999999999,0.24,0.32,0.37,0.58,0.69,0.76,1.3599999999999999,0.24,0.63
124,0,1.47,0.13,0.16999999999999998,0.2,0.27999999999999997,0.32,0.29,0.5,0.49,0.62,0.45999999999999996,0.41000000000000003,0.72,0.0
125,0,1.47,0.33,0.48,0.38,0.37,0.43,0.38,0.37,0.38999999999999996,0.2,0.08,0.27,0.24,0.21
126,0,0.0,0.04,0.06999999999999999,0.12,0.27999999999999997,0.37,0.4,0.51,0.7100000000000001,0.9400000000000001,0.84,0.41000000000000003,0.96,0.21
127,0,0.0,0.22999999999999998,0.22,0.27,0.32,0.27,0.33999999999999997,0.4,0.44,0.32,0.31,0.54,0.0,0.0
128,0,4.41,1.9800000000000002,1.96,1.71,1.48,1.1900000000000002,1.26,1.1900000000000002,1.16,0.8500000000000001,0.9199999999999999,0.54,0.72,1.05
129,0,0.0,0.1,0.16,0.25,0.27999999999999997,0.42,0.51,0.65,0.76,0.96,0.95,1.5,1.92,0.63
130,0,0.0,0.11,0.13999999999999999,0.22999999999999998,0.3,0.41000000000000003,0.38999999999999996,0.58,0.51,0.65,0.72,0.8200000000000001,0.96,0.63
131,0,0.0,0.13,0.21,0.27,0.38,0.44,0.48,0.54,0.53,0.49,0.5,0.54,0.72,0.21
132,0,1.47,0.47000000000000003,0.51,0.49,0.51,0.45999999999999996,0.43,0.4,0.31,0.19,0.08,0.27,0.0,0.21
133,0,0.0,0.11,0.13999999999999999,0.16999999999999998,0.26,0.27999999999999997,0.35000000000000003,0.38999999999999996,0.5,0.6,0.53,0.27,0.72,0.21
134,0,1.47,0.27,0.37,0.33,0.38,0.44,0.49,0.45999999999999996,0.51,0.43,0.61,0.27,0.24,0.21
135,0,0.0,0.05,0.06,0.08,0.13999999999999999,0.2,0.16,0.33,0.42,0.51,0.5700000000000001,0.8200000000000001,0.48,0.42
136,0,0.0,0.03,0.06,0.06,0.13,0.16999999999999998,0.22999999999999998,0.21,0.25,0.37,0.38,0.13999999999999999,0.96,0.84
137,0,1.47,0.21,0.33999999999999997,0.37,0.4,0.32,0.27999999999999997,0.4,0.31,0.25,0.38,0.95,1.2,0.42
138,0,0.0,0.13999999999999999,0.22,0.21,0.27,0.29,0.35000000000000003,0.18,0.27999999999999997,0.25,0.27,0.41000000000000003,0.0,0.0
139,0,1.47,0.8,1.13,1.29,1.72,2.03,1.8800000000000001,2.16,2.32,2.4699999999999998,2.67,2.45,2.88,2.1
